{"data": [{"type": "heatmap", "x": ["Autos & Vehicles", "Comedy", "Education", "Entertainment", "Film & Animation", "Gaming", "Howto & Style", "Music", "News & Politics", "Nonprofits & Activism", "People & Blogs", "Pets & Animals", "Science & Technology", "Sports", "Travel & Events"], "y": ["Autos & Vehicles", "Comedy", "Education", "Entertainment", "Film & Animation", "Gaming", "Howto & Style", "Music", "News & Politics", "Nonprofits & Activism", "People & Blogs", "Pets & Animals", "Science & Technology", "Sports", "Travel & Events"], "z": [[0, 2809182, 2194608, 3546495, 2121480, 2705271, 2103058, 2897265, 2008347, 494035, 3115877, 1126552, 2366797, 1776958, 830254], [2809182, 0, 11244724, 25762501, 15391390, 20021811, 14963587, 20522376, 9257344, 1889481, 22157643, 5842240, 10308549, 7468283, 3042755], [2194608, 11244724, 0, 13696906, 8930905, 10281642, 8418031, 11170152, 6896505, 1592252, 11915663, 3986311, 7280077, 4722222, 2334369], [3546495, 25762501, 13696906, 0, 18492795, 25010526, 18159613, 26410762, 11372608, 2189920, 27954011, 6724462, 12476287, 9443982, 3689300], [2121480, 15391390, 8930905, 18492795, 0, 14892951, 10846662, 15185549, 7094777, 1543413, 15853127, 4821041, 7776753, 5378248, 2439554], [2705271, 20021811, 10281642, 25010526, 14892951, 0, 12947361, 19141161, 7829069, 1498847, 20719112, 5614131, 10055960, 7538394, 2606097], [2103058, 14963587, 8418031, 18159613, 10846662, 12947361, 0, 14518360, 6507088, 1487602, 16486737, 4683045, 7422371, 4985935, 2531147], [2897265, 20522376, 11170152, 26410762, 15185549, 19141161, 14518360, 0, 9470791, 1902050, 21846724, 5646402, 10196258, 7641923, 3192979], [2008347, 9257344, 6896505, 11372608, 7094777, 7829069, 6507088, 9470791, 0, 1594790, 9954285, 3256525, 5896729, 4350973, 2179502], [494035, 1889481, 1592252, 2189920, 1543413, 1498847, 1487602, 1902050, 1594790, 0, 2032589, 830192, 1288837, 882464, 577970], [3115877, 22157643, 11915663, 27954011, 15853127, 20719112, 16486737, 21846724, 9954285, 2032589, 0, 6139575, 10741629, 8038865, 3375524], [1126552, 5842240, 3986311, 6724462, 4821041, 5614131, 4683045, 5646402, 3256525, 830192, 6139575, 0, 3478453, 2525279, 1331175], [2366797, 10308549, 7280077, 12476287, 7776753, 10055960, 7422371, 10196258, 5896729, 1288837, 10741629, 3478453, 0, 4603271, 2130048], [1776958, 7468283, 4722222, 9443982, 5378248, 7538394, 4985935, 7641923, 4350973, 882464, 8038865, 2525279, 4603271, 0, 1576316], [830254, 3042755, 2334369, 3689300, 2439554, 2606097, 2531147, 3192979, 2179502, 577970, 3375524, 1331175, 2130048, 1576316, 0]], "colorscale": [[0.0, "#2d1b1e"], [0.2, "#5e1b23"], [0.5, "#a61b29"], [0.8, "#ff4b4b"], [1.0, "#ffbaba"]], "xgap": 1, "ygap": 1, "colorbar": {"title": {"text": "Shared<br>Commentators", "font": {"color": "white"}}, "tickfont": {"color": "white"}, "thickness": 20, "outlinewidth": 0}, "hoverongaps": false, "hovertemplate": "<b>%{x}</b> \u2194 <b>%{y}</b><br>Shared: %{z:,.0f}<extra></extra>"}], "layout": {"title": {"text": "Category Connection Matrix", "font": {"color": "white", "size": 20}}, "xaxis": {"tickangle": -45, "gridcolor": "rgba(255,255,255,0.1)", "tickfont": {"color": "white"}, "zeroline": false}, "yaxis": {"gridcolor": "rgba(255,255,255,0.1)", "tickfont": {"color": "white"}, "zeroline": false, "autorange": "reversed"}, "paper_bgcolor": "rgba(0,0,0,0)", "plot_bgcolor": "rgba(0,0,0,0)", "autosize": true, "margin": {"l": 150, "r": 50, "b": 100, "t": 50}}}